100001 fx 88 69 82 89 82.00 328
100068 pg 62 59 90 70 70.25 281
200344 he 94 88 65 72 79.75 319
200080 fm 60 54 69 97 70.00 280
300026 du 79 91 55 61 71.50 286
300094 ry 69 77 52 60 64.50 258
300105 qh 99 61 50 52 65.50 262
300057 oj 85 53 51 75 66.00 264
300813 uw 87 87 79 64 79.25 317
100640 cb 70 54 69 90 70.75 283
300629 az 88 64 65 50 66.75 267
300313 uw 67 87 54 53 65.25 261
100537 rt 80 60 61 77 69.50 278
300112 ua 74 58 97 77 76.50 306
300207 ps 88 50 72 88 74.50 298
200295 wx 52 73 67 53 61.25 245
300562 zi 52 53 96 97 74.50 298
200482 wy 51 60 86 64 65.25 261
200538 jn 61 96 87 76 80.00 320
100325 jj 86 97 70 91 86.00 344